beginShape
91,218
91,219
91,220
91,221
91,222
91,223
91,224
91,225
91,226
91,227
91,228
91,229
91,230
91,231
91,232
91,233
91,234
91,235
91,236
91,237
91,238
91,239
92,239
93,239
94,239
95,239
96,239
97,239
98,239
99,239
100,239
101,239
102,239
103,239
104,239
105,239
106,239
107,239
108,239
109,239
110,239
111,239
112,239
113,239
114,239
115,239
116,239
117,239
118,239
119,239
120,239
121,239
122,239
123,239
124,239
125,239
126,239
127,239
128,239
129,239
130,239
131,239
132,239
133,239
134,239
135,239
136,239
137,239
138,239
139,239
140,239
141,239
142,239
143,239
144,239
145,239
146,239
147,239
148,239
149,239
150,239
151,239
152,239
153,239
154,239
155,239
156,239
157,239
158,239
159,239
160,239
161,239
162,239
163,239
164,239
165,239
166,239
167,239
168,239
169,239
170,239
171,239
172,239
173,239
174,239
175,239
176,239
177,239
178,239
179,239
180,239
181,239
182,239
183,239
184,239
185,239
186,239
187,239
188,239
189,239
190,239
191,239
192,239
193,239
194,239
195,239
196,239
197,239
198,239
199,239
199,238
199,237
199,236
199,235
199,234
199,233
199,232
199,231
199,230
199,229
199,228
199,227
199,226
199,225
199,224
199,223
199,222
199,221
199,220
199,219
199,218
198,218
197,218
196,218
195,218
194,218
193,218
192,218
191,218
190,218
189,218
188,218
187,218
186,218
185,218
184,218
183,218
182,218
181,218
180,218
179,218
178,218
177,218
176,218
175,218
174,218
173,218
172,218
171,218
170,218
169,218
168,218
167,218
166,218
165,218
164,218
163,218
162,218
161,218
160,218
159,218
158,218
157,218
156,218
155,218
154,218
153,218
152,218
151,218
150,218
149,218
148,218
147,218
146,218
145,218
144,218
143,218
142,218
141,218
140,218
139,218
138,218
137,218
136,218
135,218
134,218
133,218
132,218
131,218
130,218
129,218
128,218
127,218
126,218
125,218
124,218
123,218
122,218
121,217
121,216
121,215
122,214
122,213
122,212
123,211
123,210
123,209
124,208
124,207
125,206
125,205
126,204
126,203
127,202
128,201
128,200
129,199
130,198
130,197
131,196
132,195
132,194
133,193
134,192
135,191
136,190
136,189
137,188
138,187
139,186
140,185
141,184
142,183
143,182
144,181
145,180
146,179
147,178
148,177
149,176
150,175
151,174
152,173
153,173
154,172
155,171
156,170
157,169
158,168
159,167
160,167
161,166
162,165
163,164
164,163
165,162
166,161
167,161
168,160
169,159
170,158
171,157
172,156
173,155
174,154
175,153
176,152
177,151
178,150
179,149
180,148
181,147
182,146
183,145
184,144
185,143
186,142
187,141
187,140
188,139
189,138
189,137
190,136
191,135
192,134
192,133
193,132
193,131
194,130
194,129
195,128
195,127
196,126
196,125
197,124
197,123
197,122
197,121
198,120
198,119
198,118
198,117
199,116
199,115
199,114
199,113
199,112
199,111
199,110
199,109
199,108
200,107
200,106
200,105
200,104
200,103
200,102
200,101
199,100
199,99
199,98
199,97
199,96
199,95
199,94
199,93
199,92
198,91
198,90
198,89
197,88
197,87
197,86
196,85
196,84
196,83
195,82
195,81
194,80
194,79
193,78
192,77
192,76
191,75
190,74
189,73
189,72
188,71
187,70
186,69
185,68
184,67
183,67
182,66
181,65
180,64
179,64
178,63
177,62
176,62
175,61
174,61
173,60
172,60
171,59
170,59
169,59
168,58
167,58
166,57
165,57
164,57
163,57
162,56
161,56
160,56
159,56
158,56
157,55
156,55
155,55
154,55
153,55
152,55
151,55
150,55
149,55
148,55
147,54
146,54
145,54
144,54
143,54
142,54
141,54
140,54
139,55
138,55
137,55
136,55
135,55
134,55
133,55
132,55
131,55
130,55
129,55
128,55
127,56
126,56
125,56
124,56
123,56
122,57
121,57
120,57
119,57
118,58
117,58
116,58
115,58
114,59
113,59
112,59
111,59
110,60
109,60
108,60
107,61
106,61
105,62
104,62
103,62
102,63
101,63
100,64
99,64
98,64
97,65
96,65
96,66
96,67
96,68
96,69
96,70
96,71
96,72
96,73
96,74
96,75
96,76
96,77
96,78
96,79
96,80
96,81
96,82
96,83
96,84
96,85
96,86
96,87
96,87
97,86
98,86
99,85
100,85
101,84
102,84
103,83
104,83
105,82
106,82
107,81
108,81
109,80
110,80
111,79
112,79
113,79
114,78
115,78
116,77
117,77
118,77
119,76
120,76
121,76
122,75
123,75
124,75
125,75
126,74
127,74
128,74
129,74
130,73
131,73
132,73
133,73
134,73
135,73
136,73
137,72
138,72
139,72
140,72
141,72
142,72
143,72
144,72
145,73
146,73
147,73
148,73
149,73
150,73
151,74
152,74
153,74
154,74
155,75
156,75
157,76
158,76
159,77
160,77
161,78
162,79
163,80
164,80
165,81
166,82
167,83
167,84
168,85
169,86
170,87
170,88
171,89
171,90
172,91
172,92
172,93
173,94
173,95
173,96
173,97
174,98
174,99
174,100
174,101
174,102
174,103
174,104
174,105
174,106
174,107
174,108
174,109
174,110
174,111
174,112
173,113
173,114
173,115
173,116
172,117
172,118
172,119
171,120
171,121
171,122
170,123
170,124
169,125
169,126
168,127
168,128
167,129
167,130
166,131
165,132
165,133
164,134
163,135
163,136
162,137
161,138
160,139
159,140
159,141
158,142
157,143
156,144
155,145
154,146
153,147
152,148
151,149
150,150
149,151
148,152
147,153
146,154
145,155
144,156
143,156
142,157
141,158
140,159
139,160
138,161
137,162
136,163
135,164
134,164
133,165
132,166
131,167
130,168
129,169
128,170
127,171
126,172
125,173
124,174
123,175
122,176
121,177
120,178
119,179
118,180
117,181
116,182
115,183
114,184
113,185
112,186
112,187
111,188
110,189
109,190
108,191
107,192
107,193
106,194
105,195
104,196
104,197
103,198
102,199
101,200
101,201
100,202
99,203
99,204
98,205
98,206
97,207
96,208
96,209
95,210
95,211
94,212
94,213
93,214
93,215
92,216
92,217
beginContour
endContour
endShape
